10

5
-30 -45 16 14
35 12 -39 -9
1 -1 30 -9
25 -43 46 5
-46 16 9 12

7
38 42 -1 -27
-44 -38 -46 -35
44 47 -2 -2
3 39 -6 -35
10 17 23 21
-3 -38 -35 15
7 17 -18 -18

3
19 1 9 -29
2 -30 40 -18
48 -8 -12 34

6
10 35 -26 5
-6 8 28 22
-24 -14 -32 -48
37 35 47 -14
9 -15 -31 -5
-17 42 -19 22

4
-28 28 -33 -48
13 -26 -20 -4
-7 24 29 -7
-4 -20 49 4

6
-19 6 -22 34
0 1 -50 20
26 -39 -29 -12
-17 4 7 17
-24 2 -22 16
-24 -30 -10 -18

7
-5 -14 49 34
25 -50 5 -49
-32 3 -29 45
-39 48 -34 -30
28 25 41 -30
-26 18 -39 37
-35 28 -5 -4

4
43 41 -47 27
-32 9 5 -28
-25 48 -16 31
23 22 30 49

2
-28 -32 33 50
-6 43 -11 40

5
-9 32 -29 -6
-43 16 -23 -20
-12 45 8 13
33 24 -5 -40
-29 -30 21 32
